303 306 312
310 297 313
295 292 314
303 305 315
307 308 316
298 308 317
303 302 318
295 316 319
303 297 320
298 304 321
303 301 322
314 298 323
308 307 324
303 311 325
303 294 326
314 306 327
312 305 328
310 317 329
303 293 330
320 308 331
303 292 332
310 305 333
307 312 334
313 298 335
280 306 336
323 303 337
303 317 338
304 318 339
335 303 340
303 286 341
305 339 342
303 287 343
303 279 344
298 312 345
305 342 346
306 346 347
307 329 348
303 285 349
303 296 350
310 302 351
310 321 352
344 299 353
310 293 354
294 315 355
281 313 356
304 312 357
291 352 358
351 310 359
292 315 360
332 308 361
303 309 362
310 301 363
291 333 364
326 308 365
312 298 366
304 341 367
292 328 368
303 334 369
318 295 370
303 299 371
318 319 372
303 300 373
302 319 374
303 266 375
312 290 376
295 301 377
322 308 378
325 304 379
312 311 380
303 316 381
305 367 382
306 382 383
305 312 384
285 338 385
354 303 386
310 311 387
302 312 388
303 321 389
305 324 390
347 310 391
315 308 392
312 271 393
306 390 394
310 286 395
293 319 396
313 307 397
330 319 398
292 349 399
301 379 400
332 324 401
383 340 402
314 305 403
307 338 404
303 274 405
295 317 406
358 303 407
303 289 408
350 308 409
347 295 410
291 395 411
328 303 412
325 308 413
291 329 414
355 331 415
303 269 416
364 357 417
360 312 418
281 308 419
290 319 420
292 369 421
295 309 422
320 304 423
310 296 424
359 316 425
347 303 426
285 378 427
366 303 428
310 294 429
312 301 430
376 310 431
330 303 432
295 278 433
310 287 434
362 308 435
315 303 436
373 308 437
292 320 438
313 301 439
295 311 440
305 333 441
277 310 442
315 312 443
277 280 444
314 303 445
297 312 446
310 290 447
312 309 448
313 305 449
368 308 450
303 345 451
303 444 452
305 321 453
306 453 454
371 305 455
427 283 456
349 308 457
312 296 458
324 310 459
287 412 460
318 308 461
307 357 462
331 298 463
355 353 464
303 419 465
455 386 466
303 283 467
411 312 468
295 374 469
389 303 470
375 308 471
330 308 472
310 334 473
365 305 474
315 304 475
433 459 476
292 343 477
297 401 478
314 301 479
281 349 480
275 297 481
277 264 482
285 361 483
305 370 484
292 312 485
415 302 486
310 316 487
343 308 488
476 298 489
313 303 490
281 322 491
285 381 492
328 310 493
281 363 494
303 442 495
331 301 496
474 303 497
497 307 498
377 308 499
354 319 500
277 270 501
293 428 502
393 303 503
311 359 504
277 303 505
305 372 506
303 482 507
294 341 508
312 307 509
313 304 510
311 365 511
328 327 512
313 296 513
456 310 514
303 404 515
294 338 516
295 300 517
292 330 518
298 327 519
303 501 520
397 270 521
304 369 522
305 398 523
309 522 524
343 304 525
322 303 526
295 396 527
311 473 528
392 345 529
305 313 530
304 325 531
508 380 532
287 401 533
295 321 534
293 341 535
305 524 536
306 536 537
285 315 538
269 331 539
281 312 540
350 304 541
364 331 542
286 466 543
383 313 544
303 519 545
295 266 546
273 386 547
286 312 548
326 303 549
302 371 550
364 353 551
366 327 552
295 388 553
413 305 554
411 308 555
302 445 556
422 308 557
367 340 558
307 340 559
405 308 560
303 414 561
318 312 562
307 545 563
275 563 564
447 380 565
295 287 566
343 403 567
312 302 568
303 491 569
408 308 570
300 525 571
293 406 572
287 512 573
342 295 574
356 388 575
293 565 576
277 295 577
292 322 578
478 303 579
322 304 580
355 344 581
298 313 582
326 324 583
368 574 584
295 274 585
435 290 586
312 273 587
311 463 588
307 314 589
362 403 590
292 515 591
423 310 592
310 266 593
304 343 594
290 322 595
292 318 596
293 552 597
416 308 598
303 468 599
343 409 600
290 313 601
292 375 602
287 554 603
351 312 604
308 514 605
305 605 606
306 606 607
314 302 608
295 345 609
331 345 610
314 311 611
393 295 612
358 312 613
293 569 614
373 324 615
403 371 616
616 547 617
313 294 618
281 443 619
303 505 620
511 296 621
304 493 622
539 271 623
275 274 624
329 296 625
585 308 626
361 306 627
309 325 628
308 571 629
358 370 630
550 548 631
308 345 632
614 327 633
295 289 634
572 420 635
623 264 636
315 337 637
285 389 638
292 326 639
454 448 640
305 629 641
306 641 642
290 332 643
330 304 644
486 487 645
274 496 646
294 625 647
307 337 648
537 292 649
348 374 650
387 308 651
303 462 652
292 325 653
439 336 654
361 298 655
486 310 656
649 431 657
285 423 658
394 295 659
293 312 660
305 381 661
354 295 662
596 445 663
292 561 664
296 313 665
303 577 666
308 576 667
305 667 668
306 668 669
330 295 670
471 301 671
356 302 672
323 310 673
481 431 674
304 353 675
312 281 676
304 331 677
368 558 678
285 461 679
333 303 680
440 308 681
297 498 682
385 281 683
534 303 684
310 345 685
311 363 686
364 344 687
274 315 688
312 287 689
624 363 690
303 407 691
297 457 692
399 338 693
310 462 694
449 336 695
298 465 696
358 313 697
492 301 698
658 553 699
339 310 700
276 313 701
314 296 702
284 496 703
430 310 704
439 270 705
415 396 706
358 369 707
517 308 708
290 675 709
303 709 710
285 332 711
489 340 712
366 310 713
312 294 714
266 326 715
290 594 716
300 710 717
290 343 718
467 308 719
305 326 720
542 302 721
310 391 722
583 637 723
377 337 724
311 722 725
333 308 726
376 264 727
608 295 728
683 422 729
331 290 730
589 309 731
281 315 732
449 303 733
416 612 734
292 372 735
405 341 736
297 586 737
307 327 738
297 338 739
312 288 740
285 617 741
660 494 742
360 361 743
511 283 744
352 303 745
297 314 746
322 337 747
696 309 748
313 311 749
292 599 750
489 337 751
672 310 752
371 293 753
333 304 754
307 326 755
655 303 756
287 409 757
397 295 758
307 440 759
308 690 760
308 494 761
305 760 762
306 762 763
281 343 764
354 308 765
679 305 766
304 387 767
397 336 768
360 600 769
360 753 770
284 761 771
368 324 772
304 363 773
307 694 774
281 326 775
333 327 776
731 353 777
311 392 778
290 330 779
281 436 780
305 361 781
301 336 782
348 302 783
400 386 784
441 700 785
406 446 786
304 786 787
296 787 788
305 788 789
306 789 790
333 337 791
343 303 792
348 396 793
281 320 794
361 305 795
281 479 796
371 302 797
463 310 798
364 797 799
285 365 800
290 457 801
315 310 802
642 310 803
433 308 804
285 470 805
448 308 806
350 336 807
290 437 808
783 295 809
266 393 810
434 340 811
305 611 812
537 271 813
281 362 814
290 350 815
670 307 816
816 295 817
285 472 818
450 514 819
268 622 820
297 734 821
295 812 822
290 365 823
307 557 824
387 458 825
301 373 826
292 376 827
392 287 828
300 330 829
513 295 830
292 362 831
285 373 832
397 264 833
409 294 834
449 310 835
303 356 836
325 303 837
567 337 838
303 796 839
287 822 840
380 310 841
312 293 842
441 308 843
303 582 844
325 310 845
721 310 846
780 462 847
307 618 848
295 419 849
293 331 850
400 310 851
422 295 852
301 593 853
303 701 854
303 771 855
303 848 856
305 451 857
355 521 858
854 276 859
294 333 860
363 337 861
298 437 862
477 412 863
379 310 864
290 531 865
377 304 866
647 303 867
335 310 868
301 590 869
266 503 870
348 388 871
385 276 872
759 335 873
305 820 874
294 859 875
306 874 876
322 295 877
314 304 878
640 310 879
297 365 880
424 340 881
287 313 882
324 303 883
602 326 884
393 310 885
280 279 886
285 437 887
510 336 888
765 301 889
310 674 890
533 310 891
285 375 892
742 340 893
284 839 894
311 890 895
400 313 896
481 376 897
322 327 898
324 326 899
546 308 900
423 303 901
297 465 902
281 561 903
308 532 904
305 904 905
306 905 906
305 434 907
488 345 908
285 322 909
297 330 910
274 328 911
287 315 912
363 340 913
285 570 914
297 560 915
302 487 916
285 320 917
295 334 918
281 369 919
289 622 920
920 300 921
303 643 922
285 413 923
518 428 924
296 673 925
370 307 926
926 295 927
281 337 928
273 336 929
314 300 930
400 295 931
534 312 932
475 303 933
542 293 934
294 825 935
357 301 936
305 921 937
306 937 938
298 340 939
397 310 940
331 309 941
456 303 942
290 325 943
281 599 944
303 601 945
281 719 946
297 751 947
862 298 948
948 295 949
380 303 950
310 559 951
567 295 952
333 295 953
366 295 954
394 712 955
389 312 956
305 320 957
414 309 958
498 295 959
297 377 960
314 290 961
358 372 962
301 325 963
324 295 964
499 309 965
535 466 966
471 355 967
285 671 968
292 691 969
290 723 970
852 305 971
946 305 972
290 338 973
297 461 974
313 287 975
285 406 976
291 651 977
384 271 978
287 499 979
281 515 980
361 290 981
621 310 982
669 310 983
813 310 984
290 472 985
345 290 986
439 295 987
285 325 988
297 437 989
682 337 990
978 310 991
307 378 992
331 311 993
281 330 994
400 425 995
535 531 996
297 517 997
305 327 998
305 432 999
441 558 1000
311 604 1001
294 350 1002
538 381 1003
301 354 1004
321 303 1005
646 270 1006
669 303 1007
287 795 1008
308 882 1009
539 929 1010
941 303 1011
934 303 1012
308 1004 1013
305 1009 1014
269 1013 1015
300 320 1016
298 336 1017
290 341 1018
385 420 1019
303 348 1020
380 295 1021
304 443 1022
532 270 1023
318 470 1024
1024 307 1025
292 549 1026
297 378 1027
763 495 1028
535 767 1029
310 803 1030
434 337 1031
415 293 1032
361 281 1033
291 313 1034
310 648 1035
339 319 1036
363 303 1037
568 295 1038
307 315 1039
314 307 1040
290 610 1041
297 472 1042
304 315 1043
494 308 1044
311 1030 1045
363 308 1046
266 470 1047
677 305 1048
377 327 1049
301 375 1050
1044 294 1051
305 1048 1052
275 311 1053
285 405 1054
309 529 1055
443 547 1056
307 776 1057
399 303 1058
818 265 1059
628 835 1060
266 1025 1061
412 559 1062
294 1062 1063
424 308 1064
400 451 1065
273 395 1066
301 349 1067
1016 312 1068
1066 264 1069
303 555 1070
285 435 1071
397 303 1072
580 303 1073
509 495 1074
362 303 1075
281 691 1076
290 498 1077
302 350 1078
281 318 1079
306 1014 1080
275 1041 1081
313 265 1082
1080 1074 1083
298 429 1084
424 337 1085
485 266 1086
307 322 1087
305 447 1088
566 308 1089
588 303 1090
603 295 1091
311 429 1092
307 362 1093
662 305 1094
1094 304 1095
454 704 1096
309 357 1097
311 592 1098
876 559 1099
977 301 1100
295 998 1101
292 1070 1102
1100 568 1103
281 336 1104
448 310 1105
292 373 1106
438 295 1107
587 310 1108
297 362 1109
475 398 1110
516 374 1111
285 331 1112
485 300 1113
311 408 1114
578 590 1115
692 290 1116
312 266 1117
310 404 1118
298 408 1119
488 290 1120
297 598 1121
296 327 1122
479 310 1123
368 321 1124
304 945 1125
479 336 1126
914 300 1127
305 1052 1128
308 1068 1129
305 1129 1130
306 1128 1131
306 1130 1132
312 292 1133
281 361 1134
429 308 1135
358 432 1136
907 401 1137
304 736 1138
292 1020 1139
289 1022 1140
430 303 1141
638 372 1142
302 392 1143
287 350 1144
541 303 1145
308 875 1146
310 939 1147
308 958 1148
387 337 1149
305 314 1150
305 1148 1151
305 1146 1152
306 1151 1153
306 1152 1154
360 303 1155
269 677 1156
1156 288 1157
325 510 1158
308 385 1159
387 304 1160
387 303 1161
307 549 1162
266 389 1163
281 806 1164
979 275 1165
579 1069 1166
1095 310 1167
305 1125 1168
305 1157 1169
306 1169 1170
306 1168 1171
288 618 1172
304 615 1173
301 1173 1174
592 273 1175
274 325 1176
682 295 1177
850 281 1178
293 932 1179
305 1159 1180
296 337 1181
1178 303 1182
306 1180 1183
293 369 1184
297 406 1185
366 336 1186
290 326 1187
304 405 1188
388 301 1189
301 615 1190
427 1055 1191
305 1140 1192
298 337 1193
1188 395 1194
300 336 1195
306 1192 1196
285 392 1197
477 512 1198
293 325 1199
594 327 1200
290 359 1201
308 355 1202
308 1063 1203
305 1203 1204
306 1204 1205
297 322 1206
688 792 1207
826 521 1208
938 431 1209
305 338 1210
1077 337 1211
720 1110 1212
1113 424 1213
304 336 1214
290 375 1215
304 330 1216
314 374 1217
285 583 1218
894 270 1219
377 295 1220
365 296 1221
290 1194 1222
429 337 1223
375 304 1224
378 345 1225
300 381 1226
478 310 1227
304 590 1228
301 1228 1229
276 680 1230
295 1029 1231
385 290 1232
371 298 1233
895 345 1234
289 363 1235
1174 1233 1236
331 305 1237
287 378 1238
269 503 1239
509 310 1240
621 303 1241
376 295 1242
634 308 1243
341 466 1244
770 329 1245
626 853 1246
860 324 1247
303 865 1248
269 318 1249
381 309 1250
1032 303 1251
305 1097 1252
306 317 1253
273 329 1254
306 1252 1255
315 327 1256
441 321 1257
492 368 1258
297 723 1259
303 716 1260
703 310 1261
312 300 1262
400 432 1263
285 959 1264
289 357 1265
1112 665 1266
305 1118 1267
1232 303 1268
366 264 1269
513 336 1270
297 435 1271
285 403 1272
265 315 1273
912 695 1274
308 893 1275
305 1275 1276
306 1276 1277
350 303 1278
296 323 1279
365 301 1280
314 281 1281
308 1047 1282
1061 303 1283
1103 1072 1284
1165 298 1285
303 1273 1286
305 1282 1287
306 1287 1288
409 345 1289
300 322 1290
298 341 1291
293 322 1292
285 451 1293
305 349 1294
311 326 1295
314 271 1296
297 413 1297
370 334 1298
285 443 1299
588 372 1300
296 353 1301
401 303 1302
856 336 1303
1026 1057 1304
392 290 1305
976 1230 1306
303 481 1307
430 295 1308
572 290 1309
308 815 1310
292 408 1311
304 436 1312
323 327 1313
671 313 1314
268 436 1315
429 295 1316
770 745 1317
900 301 1318
931 293 1319
1051 756 1320
303 613 1321
308 1086 1322
303 1222 1323
307 1286 1324
276 1322 1325
832 350 1326
301 353 1327
305 600 1328
394 981 1329
297 804 1330
1098 986 1331
297 838 1332
1137 264 1333
1257 1105 1334
305 562 1335
328 295 1336
281 327 1337
303 738 1338
285 560 1339
639 315 1340
303 595 1341
415 345 1342
424 303 1343
274 828 1344
540 294 1345
884 529 1346
281 372 1347
312 278 1348
305 337 1349
307 406 1350
540 317 1351
289 493 1352
281 600 1353
703 303 1354
298 930 1355
393 280 1356
305 1011 1357
290 413 1358
516 302 1359
290 1138 1360
294 652 1361
304 337 1362
292 1221 1363
266 1303 1364
305 1307 1365
290 1314 1366
290 465 1367
484 307 1368
1368 295 1369
302 490 1370
281 328 1371
363 295 1372
720 315 1373
281 845 1374
307 361 1375
310 419 1376
304 507 1377
974 665 1378
284 993 1379
307 336 1380
292 806 1381
305 1236 1382
306 1382 1383
281 392 1384
304 373 1385
285 409 1386
323 295 1387
290 408 1388
300 337 1389
389 372 1390
640 303 1391
642 295 1392
285 961 1393
314 287 1394
290 726 1395
872 436 1396
298 353 1397
339 295 1398
295 1122 1399
1196 505 1400
335 295 1401
306 1360 1402
286 359 1403
363 327 1404
360 381 1405
307 330 1406
328 264 1407
423 387 1408
297 350 1409
300 1075 1410
644 747 1411
303 589 1412
808 290 1413
292 332 1414
290 560 1415
295 991 1416
997 1160 1417
1154 295 1418
513 270 1419
834 337 1420
305 1229 1421
400 359 1422
447 308 1423
278 1416 1424
306 1421 1425
480 617 1426
458 303 1427
285 488 1428
400 500 1429
415 388 1430
715 529 1431
315 357 1432
472 345 1433
314 396 1434
308 579 1435
265 654 1436
303 1436 1437
293 1437 1438
287 791 1439
295 1015 1440
269 350 1441
285 416 1442
873 270 1443
887 309 1444
286 455 1445
1034 334 1446
287 322 1447
335 264 1448
715 436 1449
310 1261 1450
308 1285 1451
438 1302 1452
1359 295 1453
269 377 1454
303 619 1455
550 1403 1456
305 1451 1457
285 1455 1458
306 1457 1459
681 300 1460
326 327 1461
308 942 1462
305 1462 1463
306 1463 1464
281 376 1465
538 357 1466
285 362 1467
315 381 1468
307 352 1469
824 718 1470
296 886 1471
892 315 1472
281 353 1473
295 1181 1474
303 1325 1475
285 1475 1476
416 322 1477
285 598 1478
293 328 1479
911 881 1480
325 327 1481
290 598 1482
380 336 1483
692 601 1484
349 295 1485
305 817 1486
301 971 1487
1183 1189 1488
1226 296 1489
1315 738 1490
1319 303 1491
295 1349 1492
297 381 1493
1395 293 1494
331 420 1495
301 587 1496
308 1496 1497
309 1497 1498
310 1498 1499
291 1499 1500
311 844 1501
365 345 1502
311 315 1503
399 470 1504
290 586 1505
716 340 1506
292 341 1507
477 409 1508
380 264 1509
286 889 1510
295 589 1511
305 343 1512
308 829 1513
300 350 1514
842 303 1515
1033 303 1516
328 336 1517
454 1158 1518
309 1147 1519
457 309 1520
1500 733 1521
332 304 1522
305 1513 1523
306 1523 1524
331 302 1525
483 530 1526
313 302 1527
310 928 1528
640 295 1529
437 301 1530
1093 304 1531
693 420 1532
351 745 1533
293 724 1534
906 310 1535
360 333 1536
1059 322 1537
290 378 1538
1134 287 1539
1279 359 1540
1373 1036 1541
550 1424 1542
311 1450 1543
480 338 1544
1494 303 1545
309 320 1546
314 388 1547
450 942 1548
290 327 1549
360 372 1550
308 686 1551
1127 1021 1552
302 684 1553
293 362 1554
471 302 1555
461 296 1556
1084 883 1557
1132 442 1558
917 324 1559
1218 328 1560
290 1231 1561
439 264 1562
303 630 1563
311 434 1564
872 529 1565
308 1379 1566
413 294 1567
1488 295 1568
309 332 1569
305 1566 1570
306 1570 1571
290 681 1572
837 290 1573
311 313 1574
689 303 1575
533 336 1576
285 592 1577
290 499 1578
293 349 1579
297 922 1580
1002 878 1581
294 509 1582
305 350 1583
541 295 1584
323 432 1585
305 353 1586
293 1049 1587
394 1056 1588
1235 740 1589
305 1265 1590
304 322 1591
281 1423 1592
1417 295 1593
281 332 1594
1525 310 1595
1527 310 1596
306 1590 1597
477 295 1598
441 324 1599
513 264 1600
283 315 1601
290 312 1602
281 408 1603
290 488 1604
306 865 1605
307 712 1606
416 773 1607
266 387 1608
305 1202 1609
306 1609 1610
429 303 1611
799 303 1612
429 327 1613
298 864 1614
960 830 1615
1446 298 1616
304 338 1617
827 1200 1618
303 648 1619
297 313 1620
643 475 1621
1238 297 1622
518 1244 1623
471 701 1624
305 1435 1625
1444 303 1626
311 1530 1627
308 711 1628
532 303 1629
1614 273 1630
1626 298 1631
305 1628 1632
306 1625 1633
306 1632 1634
333 340 1635
311 425 1636
532 336 1637
292 432 1638
298 325 1639
538 521 1640
314 293 1641
295 508 1642
290 362 1643
424 327 1644
781 384 1645
285 341 1646
295 746 1647
281 448 1648
873 264 1649
840 425 1650
870 290 1651
996 327 1652
297 375 1653
370 1005 1654
1131 310 1655
1163 727 1656
330 337 1657
285 465 1658
294 689 1659
304 868 1660
307 422 1661
1255 294 1662
309 1296 1663
285 626 1664
305 473 1665
334 271 1666
676 295 1667
310 1389 1668
290 405 1669
292 405 1670
308 1587 1671
307 1617 1672
1647 290 1673
646 336 1674
475 310 1675
298 326 1676
292 546 1677
281 325 1678
441 964 1679
381 294 1680
308 420 1681
688 908 1682
394 708 1683
301 546 1684
297 708 1685
308 582 1686
305 387 1687
306 716 1688
721 487 1689
290 435 1690
305 354 1691
1260 337 1692
1144 705 1693
744 264 1694
358 398 1695
297 440 1696
303 650 1697
290 377 1698
1352 1195 1699
309 1460 1700
311 1474 1701
305 351 1702
310 555 1703
295 268 1704
311 1703 1705
730 303 1706
304 327 1707
802 307 1708
301 313 1709
580 310 1710
570 305 1711
608 684 1712
603 425 1713
289 458 1714
1027 266 1715
729 425 1716
729 372 1717
748 264 1718
281 1031 1719
923 289 1720
996 303 1721
311 395 1722
297 952 1723
290 526 1724
1309 303 1725
308 1331 1726
1413 604 1727
283 754 1728
1454 330 1729
711 1468 1730
1469 312 1731
1559 366 1732
1374 1577 1733
1641 303 1734
311 1673 1735
305 1726 1736
306 1736 1737
281 375 1738
292 836 1739
592 298 1740
653 310 1741
290 373 1742
287 377 1743
304 313 1744
371 548 1745
829 521 1746
567 327 1747
742 337 1748
292 353 1749
349 324 1750
518 552 1751
864 300 1752
653 463 1753
297 566 1754
303 1087 1755
480 303 1756
309 1175 1757
1170 954 1758
303 1201 1759
992 297 1760
302 1310 1761
394 1318 1762
301 1385 1763
1445 500 1764
331 265 1765
1592 298 1766
297 681 1767
1651 308 1768
1677 608 1769
275 1702 1770
298 362 1771
1760 303 1772
305 1763 1773
1772 307 1774
306 1773 1775
430 336 1776
578 379 1777
755 370 1778
287 733 1779
533 303 1780
304 361 1781
268 521 1782
303 1782 1783
626 305 1784
485 294 1785
305 336 1786
290 714 1787
303 1787 1788
307 1788 1789
897 359 1790
307 956 1791
424 295 1792
311 1167 1793
296 336 1794
281 341 1795
1280 1281 1796
292 1321 1797
298 1224 1798
308 1008 1799
1345 308 1800
662 334 1801
578 615 1802
293 1432 1803
268 499 1804
1524 758 1805
290 451 1806
311 387 1807
296 1660 1808
276 340 1809
275 1791 1810
305 1799 1811
306 1811 1812
779 337 1813
456 295 1814
281 340 1815
509 336 1816
394 557 1817
409 274 1818
307 435 1819
305 1035 1820
884 436 1821
737 303 1822
297 467 1823
355 304 1824
303 707 1825
392 311 1826
281 936 1827
275 991 1828
300 340 1829
305 652 1830
1042 281 1831
394 406 1832
290 318 1833
917 357 1834
304 1250 1835
634 749 1836
281 434 1837
595 353 1838
298 611 1839
1393 327 1840
298 510 1841
292 1555 1842
295 1630 1843
1705 298 1844
295 1728 1845
304 452 1846
269 1835 1847
306 316 1848
281 405 1849
285 408 1850
307 313 1851
688 343 1852
308 698 1853
297 489 1854
305 1853 1855
306 1855 1856
400 527 1857
290 685 1858
285 736 1859
312 289 1860
413 345 1861
312 505 1862
1043 340 1863
287 336 1864
360 652 1865
322 340 1866
296 335 1867
311 1399 1868
387 340 1869
902 355 1870
1571 310 1871
1561 713 1872
1659 387 1873
1704 308 1874
1714 811 1875
1765 295 1876
294 1783 1877
400 1801 1878
305 330 1879
411 336 1880
570 301 1881
290 406 1882
310 519 1883
323 313 1884
357 311 1885
323 370 1886
485 286 1887
593 308 1888
360 510 1889
394 965 1890
308 891 1891
305 1891 1892
306 1892 1893
311 740 1894
656 307 1895
1895 295 1896
748 359 1897
450 287 1898
350 327 1899
1155 1254 1900
310 1193 1901
324 336 1902
294 336 1903
387 336 1904
676 310 1905
305 1338 1906
306 419 1907
389 370 1908
333 310 1909
373 303 1910
1440 337 1911
311 1477 1912
662 307 1913
849 301 1914
1573 308 1915
1683 1519 1916
810 372 1917
305 1808 1918
281 1825 1919
295 1839 1920
1634 1863 1921
1913 295 1922
306 1918 1923
290 440 1924
274 448 1925
309 443 1926
303 1039 1927
309 531 1928
305 1928 1929
306 1929 1930
702 295 1931
308 674 1932
305 1932 1933
306 1933 1934
628 695 1935
341 531 1936
384 307 1937
703 295 1938
297 488 1939
518 295 1940
1247 264 1941
985 311 1942
322 310 1943
326 337 1944
335 270 1945
899 337 1946
308 1290 1947
588 1298 1948
295 1301 1949
1365 727 1950
1410 298 1951
311 500 1952
311 1520 1953
1598 305 1954
290 425 1955
305 1668 1956
1774 303 1957
1785 308 1958
276 1216 1959
305 836 1960
291 694 1961
300 1876 1962
1873 666 1963
305 1947 1964
302 1949 1965
306 1964 1966
801 293 1967
312 269 1968
266 352 1969
595 337 1970
628 449 1971
323 312 1972
436 290 1973
460 290 1974
866 510 1975
297 422 1976
300 557 1977
393 372 1978
297 433 1979
438 838 1980
906 303 1981
1079 445 1982
303 1018 1983
292 380 1984
988 807 1985
302 918 1986
1266 916 1987
292 366 1988
1288 442 1989
308 860 1990
295 1471 1991
1489 295 1992
360 313 1993
1610 758 1994
308 1608 1995
308 1627 1996
284 676 1997
292 467 1998
293 1708 1999
313 309 2000
1737 310 2001
603 386 2002
1775 758 2003
305 1990 2004
305 1996 2005
306 2005 2006
306 2004 2007
314 309 2008
659 419 2009
294 413 2010
361 266 2011
307 489 2012
509 303 2013
294 378 2014
290 461 2015
290 436 2016
290 337 2017
290 611 2018
478 264 2019
297 557 2020
502 290 2021
399 652 2022
480 736 2023
1115 370 2024
312 374 2025
430 308 2026
318 704 2027
855 308 2028
491 975 2029
341 304 2030
972 359 2031
304 340 2032
283 337 2033
1114 705 2034
304 1175 2035
454 310 2036
393 270 2037
394 315 2038
659 1015 2039
1526 503 2040
1536 700 2041
307 680 2042
297 408 2043
294 362 2044
1666 280 2045
283 490 2046
910 406 2047
399 343 2048
399 295 2049
1153 428 2050
1153 954 2051
286 314 2052
265 337 2053
308 1965 2054
309 349 2055
302 1991 2056
2021 308 2057
309 2035 2058
305 2054 2059
306 2059 2060
755 398 2061
373 327 2062
290 517 2063
381 345 2064
289 325 2065
305 845 2066
268 493 2067
290 315 2068
533 359 2069
322 313 2070
513 337 2071
290 370 2072
311 436 2073
764 412 2074
424 310 2075
739 268 2076
1412 296 2077
1053 1348 2078
1050 295 2079
274 1033 2080
814 1516 2081
303 1254 2082
305 318 2083
451 290 2084
295 648 2085
363 270 2086
533 270 2087
274 333 2088
266 373 2089
542 396 2090
310 394 2091
273 337 2092
298 1624 2093
1601 1407 2094
434 295 2095
1642 767 2096
1237 270 2097
310 1672 2098
405 304 2099
308 1780 2100
304 529 2101
754 303 2102
290 372 2103
281 467 2104
387 295 2105
305 1959 2106
308 1992 2107
305 2058 2108
265 2077 2109
311 2091 2110
307 2098 2111
305 2100 2112
306 2106 2113
305 2107 2114
306 2112 2115
306 2114 2116
306 2108 2117
715 337 2118
289 350 2119
360 308 2120
364 901 2121
686 379 2122
479 295 2123
730 295 2124
288 1108 2125
290 802 2126
430 425 2127
475 327 2128
305 566 2129
301 467 2130
827 531 2131
764 295 2132
749 336 2133
304 889 2134
286 2134 2135
450 300 2136
1073 307 2137
856 270 2138
266 609 2139
408 987 2140
315 340 2141
312 388 2142
1131 303 2143
305 1167 2144
1059 526 2145
322 375 2146
1172 327 2147
292 1341 2148
918 290 2149
307 1377 2150
659 1506 2151
289 1551 2152
292 1563 2153
292 1697 2154
308 1743 2155
365 283 2156
286 1975 2157
638 370 2158
2014 269 2159
911 1085 2160
2036 309 2161
305 2082 2162
2125 281 2163
2139 300 2164
295 2150 2165
305 2155 2166
285 2165 2167
306 2166 2168
296 326 2169
610 302 2170
2170 295 2171
368 424 2172
1272 313 2173
365 298 2174
275 296 2175
2175 303 2176
2176 307 2177
377 310 2178
294 409 2179
463 303 2180
458 308 2181
294 724 2182
290 527 2183
603 310 2184
399 617 2185
290 798 2186
1394 327 2187
297 546 2188
290 469 2189
307 855 2190
900 276 2191
399 361 2192
363 264 2193
303 1081 2194
743 384 2195
381 290 2196
307 1082 2197
1115 359 2198
307 526 2199
318 1141 2200
1206 627 2201
399 461 2202
458 310 2203
288 1269 2204
387 327 2205
303 540 2206
304 953 2207
1383 310 2208
876 648 2209
288 1408 2210
297 1420 2211
766 1433 2212
823 1439 2213
642 303 2214
367 313 2215
308 1586 2216
297 849 2217
331 281 2218
297 405 2219
892 899 2220
394 440 2221
308 1925 2222
294 1927 2223
1940 305 2224
266 568 2225
1974 308 2226
310 2001 2227
305 1995 2228
749 270 2229
283 327 2230
2113 1862 2231
323 562 2232
2132 305 2233
1890 2141 2234
287 318 2235
312 396 2236
307 472 2237
303 2199 2238
306 2228 2239
305 2222 2240
311 2227 2241
306 2240 2242
288 322 2243
481 507 2244
1034 357 2245
732 381 2246
303 1187 2247
356 334 2248
297 416 2249
284 327 2250
343 327 2251
540 300 2252
485 302 2253
305 490 2254
424 304 2255
307 708 2256
542 345 2257
389 398 2258
300 610 2259
310 1142 2260
311 2260 2261
292 922 2262
766 310 2263
292 416 2264
516 388 2265
304 680 2266
875 270 2267
289 861 2268
305 363 2269
365 290 2270
1079 392 2271
290 314 2272
341 308 2273
288 318 2274
323 264 2275
394 609 2276
303 1193 2277
513 310 2278
1291 705 2279
660 286 2280
1340 344 2281
287 413 2282
1355 264 2283
325 336 2284
909 349 2285
634 541 2286
799 270 2287
976 265 2288
332 295 2289
1514 1082 2290
360 326 2291
1002 337 2292
1700 366 2293
1120 295 2294
274 392 2295
823 1701 2296
818 311 2297
290 1781 2298
481 452 2299
308 1814 2300
1834 307 2301
1844 310 2302
1973 308 2303
308 1988 2304
366 270 2305
2039 340 2306
801 601 2307
308 2089 2308
394 2140 2309
305 2149 2310
1084 324 2311
300 362 2312
287 353 2313
290 2216 2314
2220 340 2315
693 276 2316
288 326 2317
281 457 2318
2289 306 2319
305 2300 2320
305 2308 2321
306 2320 2322
295 2310 2323
295 2314 2324
306 2321 2325
1176 705 2326
360 370 2327
901 298 2328
300 353 2329
779 1313 2330
287 878 2331
304 886 2332
307 517 2333
588 398 2334
702 303 2335
533 295 2336
293 499 2337
533 264 2338
365 266 2339
458 295 2340
1784 310 2341
376 270 2342
269 339 2343
744 469 2344
449 270 2345
281 811 2346
303 846 2347
311 730 2348
266 429 2349
843 893 2350
294 434 2351
763 310 2352
1190 452 2353
935 359 2354
290 1248 2355
298 490 2356
1324 336 2357
312 265 2358
465 345 2359
516 396 2360
334 548 2361
397 327 2362
309 1567 2363
1459 303 2364
385 294 2365
1537 469 2366
674 345 2367
305 1619 2368
1685 1620 2369
646 295 2370
308 374 2371
377 303 2372
303 1841 2373
293 1914 2374
1926 307 2375
560 305 2376
276 2011 2377
480 652 2378
310 2092 2379
300 327 2380
458 264 2381
304 326 2382
310 738 2383
2328 303 2384
292 2347 2385
739 775 2386
266 325 2387
439 310 2388
1503 353 2389
732 338 2390
438 586 2391
360 338 2392
476 986 2393
350 310 2394
435 266 2395
869 336 2396
363 520 2397
906 295 2398
290 500 2399
380 270 2400
297 967 2401
461 665 2402
968 336 2403
394 751 2404
880 1439 2405
290 381 2406
729 500 2407
298 338 2408
349 303 2409
389 432 2410
285 349 2411
355 768 2412
268 768 2413
303 2413 2414
294 2414 2415
307 457 2416
303 962 2417
938 340 2418
290 950 2419
1051 655 2420
1588 577 2421
1150 288 2422
399 451 2423
290 1323 2424
290 1420 2425
1324 295 2426
308 800 2427
438 303 2428
384 296 2429
440 295 2430
268 534 2431
290 467 2432
360 350 2433
296 405 2434
1402 327 2435
1375 294 2436
312 284 2437
290 1511 2438
307 332 2439
274 362 2440
284 313 2441
322 264 2442
1661 303 2443
284 1686 2444
587 425 2445
303 949 2446
659 305 2447
297 834 2448
810 398 2449
1762 951 2450
1796 310 2451
779 406 2452
297 583 2453
307 1846 2454
305 1847 2455
1848 1067 2456
647 310 2457
308 1894 2458
308 782 2459
308 1969 2460
1984 308 2461
2010 296 2462
2099 526 2463
305 2135 2464
1121 2182 2465
292 2194 2466
2218 303 2467
305 2298 2468
450 690 2469
307 2332 2470
285 326 2471
1383 295 2472
450 1227 2473
310 2380 2474
378 420 2475
2420 295 2476
303 2431 2477
2447 308 2478
306 2455 2479
305 2458 2480
305 2460 2481
306 2464 2482
2443 2470 2483
306 2480 2484
306 2481 2485
306 2468 2486
311 549 2487
276 908 2488
304 320 2489
304 1408 2490
288 2490 2491
290 416 2492
345 301 2493
294 408 2494
298 377 2495
869 270 2496
305 951 2497
298 967 2498
746 309 2499
2499 295 2500
2500 281 2501
283 322 2502
366 313 2503
303 1531 2504
856 295 2505
294 322 2506
766 303 2507
377 314 2508
310 1028 2509
311 2509 2510
308 595 2511
297 343 2512
1470 833 2513
309 322 2514
894 336 2515
424 336 2516
897 295 2517
304 971 2518
311 593 2519
989 276 2520
461 301 2521
1040 295 2522
303 697 2523
985 281 2524
1249 1270 2525
454 1308 2526
1664 1327 2527
1365 452 2528
1054 1667 2529
275 286 2530
1472 264 2531
1478 301 2532
598 301 2533
570 311 2534
295 390 2535
287 467 2536
308 1648 2537
571 303 2538
307 343 2539
1621 627 2540
1185 1719 2541
360 447 2542
1738 326 2543
358 562 2544
646 264 2545
307 1883 2546
290 566 2547
815 337 2548
1930 835 2549
1942 898 2550
303 1961 2551
307 429 2552
290 626 2553
546 304 2554
309 2138 2555
308 2159 2556
308 2204 2557
354 324 2558
295 1150 2559
300 315 2560
1638 1473 2561
2110 2451 2562
2478 293 2563
301 2518 2564
268 2535 2565
305 2537 2566
305 2556 2567
305 2557 2568
306 2566 2569
306 2567 2570
295 2568 2571
286 313 2572
312 283 2573
265 443 2574
832 807 2575
434 336 2576
826 768 2577
308 2016 2578
274 2578 2579
307 1046 2580
618 295 2581
298 702 2582
284 467 2583
692 293 2584
290 353 2585
295 1078 2586
1581 270 2587
303 1057 2588
294 2588 2589
603 303 2590
357 293 2591
1134 276 2592
307 451 2593
360 310 2594
963 1398 2595
541 327 2596
1170 713 2597
285 330 2598
297 1323 2599
1381 290 2600
1622 507 2601
268 940 2602
1109 1946 2603
1008 336 2604
335 312 2605
800 297 2606
312 345 2607
301 343 2608
909 1427 2609
281 422 2610
307 626 2611
1482 1534 2612
304 332 2613
1589 264 2614
1597 296 2615
293 1675 2616
290 1692 2617
1271 538 2618
295 1827 2619
1843 527 2620
638 312 2621
1905 268 2622
297 1911 2623
1954 308 2624
458 336 2625
638 369 2626
265 327 2627
2076 724 2628
300 2137 2629
2152 308 2630
2156 264 2631
509 327 2632
2197 689 2633
1578 2118 2634
899 295 2635
611 303 2636
308 2337 2637
2351 841 2638
297 326 2639
1874 2368 2640
2375 270 2641
292 370 2642
438 365 2643
305 2427 2644
298 479 2645
304 2505 2646
303 2552 2647
2570 310 2648
305 2564 2649
2574 265 2650
647 370 2651
303 2602 2652
2606 295 2653
293 2619 2654
306 2644 2655
309 2646 2656
306 2649 2657
2653 298 2658
294 2652 2659
305 2656 2660
315 295 2661
308 2659 2662
306 2660 2663
305 2662 2664
306 2664 2665
285 546 2666
475 353 2667
449 295 2668
578 310 2669
698 359 2670
478 295 2671
308 1197 2672
305 2672 2673
306 2673 2674
311 353 2675
621 359 2676
413 290 2677
377 264 2678
303 687 2679
292 448 2680
290 967 2681
298 734 2682
265 632 2683
399 413 2684
312 274 2685
345 782 2686
392 294 2687
498 303 2688
292 526 2689
290 422 2690
285 828 2691
773 303 2692
268 833 2693
840 469 2694
1098 298 2695
1145 307 2696
296 936 2697
1032 295 2698
923 345 2699
309 1149 2700
274 1101 2701
293 1101 2702
1061 295 2703
354 310 2704
1213 452 2705
1363 303 2706
430 353 2707
380 327 2708
290 834 2709
281 373 2710
842 310 2711
593 430 2712
458 327 2713
1410 1017 2714
311 351 2715
276 566 2716
1288 505 2717
304 1225 2718
1442 1584 2719
301 993 2720
915 1684 2721
1679 1506 2722
1754 376 2723
313 396 2724
423 447 2725
297 1845 2726
1854 295 2727
308 1864 2728
298 1881 2729
309 881 2730
1958 1906 2731
308 646 2732
303 2018 2733
311 841 2734
285 467 2735
2079 305 2736
2177 303 2737
283 353 2738
530 295 2739
307 2286 2740
2301 264 2741
323 398 2742
274 2304 2743
303 2488 2744
429 310 2745
305 359 2746
775 315 2747
275 2546 2748
295 2616 2749
303 2693 2750
2696 303 2751
2698 307 2752
301 1744 2753
308 492 2754
305 2732 2755
310 2743 2756
301 2744 2757
291 2756 2758
306 2755 2759
305 2754 2760
305 2753 2761
2752 295 2762
306 2760 2763
294 2750 2764
306 2761 2765
290 849 2766
910 1387 2767
576 270 2768
283 933 2769
288 327 2770
1326 264 2771
485 269 2772
989 293 2773
300 378 2774
614 303 2775
378 266 2776
296 1123 2777
295 2777 2778
698 295 2779
1154 310 2780
307 580 2781
603 500 2782
297 1692 2783
764 512 2784
343 295 2785
739 289 2786
296 380 2787
1029 340 2788
399 381 2789
1752 308 2790
394 350 2791
957 324 2792
413 420 2793
973 276 2794
308 1150 2795
1518 295 2796
1172 337 2797
1560 372 2798
963 1036 2799
307 681 2800
1305 303 2801
1018 1411 2802
1425 303 2803
1465 1200 2804
332 313 2805
292 350 2806
406 286 2807
2288 353 2808
360 398 2809
1409 1595 2810
287 332 2811
300 1575 2812
303 1602 2813
295 2444 2814
432 290 2815
330 327 2816
672 487 2817
1428 963 2818
1367 355 2819
308 1748 2820
910 337 2821
298 330 2822
1823 866 2823
624 1866 2824
308 1868 2825
477 401 2826
754 295 2827
902 1970 2828
308 1977 2829
490 501 2830
378 290 2831
305 341 2832
310 2033 2833
2073 284 2834
355 487 2835
311 354 2836
2083 445 2837
294 327 2838
915 2129 2839
571 336 2840
403 336 2841
294 493 2842
902 2235 2843
693 290 2844
2297 877 2845
2325 940 2846
284 2373 2847
393 451 2848
719 301 2849
394 2395 2850
1199 654 2851
311 430 2852
483 2429 2853
303 1136 2854
303 943 2855
480 2534 2856
307 566 2857
309 2571 2858
303 2585 2859
2615 811 2860
2629 303 2861
309 2647 2862
292 2679 2863
276 1312 2864
2126 928 2865
850 296 2866
295 2792 2867
485 287 2868
308 2812 2869
305 2820 2870
294 2825 2871
305 2829 2872
485 317 2873
303 2864 2874
306 2872 2875
298 2874 2876
309 2869 2877
306 2870 2878
306 2871 2879
310 2877 2880
291 2880 2881
686 340 2882
1089 309 2883
679 292 2884
698 336 2885
311 447 2886
580 336 2887
304 520 2888
290 570 2889
771 308 2890
290 708 2891
297 570 2892
489 327 2893
621 425 2894
400 685 2895
461 276 2896
273 632 2897
310 2897 2898
385 311 2899
409 297 2900
1243 311 2901
1580 644 2902
305 357 2903
729 398 2904
400 609 2905
749 264 2906
297 1246 2907
363 336 2908
360 320 2909
445 281 2910
509 295 2911
273 340 2912
485 374 2913
357 302 2914
799 336 2915
297 855 2916
286 318 2917
285 965 2918
392 420 2919
603 359 2920
1305 295 2921
1329 353 2922
1363 295 2923
308 1397 2924
1402 303 2925
829 768 2926
301 452 2927
275 265 2928
300 435 2929
294 1556 2930
1557 290 2931
711 310 2932
297 471 2933
296 479 2934
286 1671 2935
310 1809 2936
1715 1223 2937
399 488 2938
1741 273 2939
276 644 2940
276 343 2941
1631 295 2942
1631 303 2943
427 300 2944
1850 380 2945
387 310 2946
1554 1915 2947
1272 353 2948
269 313 2949
1966 1240 2950
1386 301 2951
731 344 2952
376 425 2953
376 500 2954
294 2000 2955
294 463 2956
399 472 2957
292 2026 2958
2038 1485 2959
2044 353 2960
313 300 2961
310 1337 2962
2109 303 2963
296 2146 2964
2168 353 2965
2164 303 2966
2233 308 2967
315 370 2968
285 314 2969
290 2324 2970
2323 310 2971
308 1295 2972
304 488 2973
1425 310 2974
308 1176 2975
992 2349 2976
429 270 2977
518 932 2978
2489 740 2979
2486 301 2980
305 2491 2981
994 2467 2982
2592 295 2983
308 2638 2984
450 294 2985
437 297 2986
979 2675 2987
711 1312 2988
276 2728 2989
2674 2734 2990
287 2751 2991
449 264 2992
290 2795 2993
2815 308 2994
2862 632 2995
286 327 2996
325 264 2997
554 295 2998
2939 308 2999
269 322 3000
305 2975 3001
306 2981 3002
269 2979 3003
308 2983 3004
305 2984 3005
303 2993 3006
305 3004 3007
306 3005 3008
306 3001 3009
306 3007 3010
301 357 3011
1852 398 3012
304 1123 3013
290 804 3014
268 758 3015
303 3015 3016
294 3016 3017
308 3017 3018
305 3018 3019
306 3019 3020
295 582 3021
290 557 3022
702 336 3023
288 714 3024
304 496 3025
602 503 3026
399 1711 3027
1340 353 3028
732 361 3029
290 1747 3030
643 644 3031
484 1005 3032
1531 303 3033
307 981 3034
393 398 3035
740 310 3036
478 336 3037
307 370 3038
312 442 3039
313 288 3040
295 384 3041
305 632 3042
1202 308 3043
1132 577 3044
972 295 3045
276 1356 3046
307 868 3047
368 1265 3048
957 567 3049
368 309 3050
1050 303 3051
1537 372 3052
1103 758 3053
283 336 3054
296 1133 3055
357 271 3056
1018 308 3057
300 1448 3058
312 286 3059
308 1327 3060
281 1563 3061
308 1344 3062
298 435 3063
389 353 3064
1459 310 3065
310 1489 3066
1912 270 3067
305 332 3068
387 270 3069
307 377 3070
1770 303 3071
576 264 3072
1756 290 3073
294 1310 3074
314 294 3075
303 1798 3076
1740 295 3077
638 353 3078
1837 327 3079
2456 303 3080
400 398 3081
535 1904 3082
295 2454 3083
443 284 3084
308 2374 3085
518 406 3086
1599 712 3087
454 2027 3088
294 353 3089
295 2046 3090
309 841 3091
313 281 3092
2163 520 3093
2190 520 3094
368 2215 3095
2221 1401 3096
303 2250 3097
350 295 3098
269 644 3099
2282 506 3100
2295 281 3101
2469 495 3102
1309 295 3103
2393 310 3104
308 535 3105
438 2402 3106
676 337 3107
686 337 3108
302 325 3109
292 2446 3110
2485 310 3111
355 901 3112
2508 266 3113
289 315 3114
693 2610 3115
298 440 3116
566 322 3117
287 2636 3118
297 2640 3119
1039 330 3120
799 264 3121
457 345 3122
2699 271 3123
2720 303 3124
304 2778 3125
477 733 3126
2642 1471 3127
1822 2797 3128
309 324 3129
2875 1397 3130
737 2896 3131
295 2934 3132
480 378 3133
375 322 3134
305 3011 3135
1039 2994 3136
310 2989 3137
2999 309 3138
288 3025 3139
288 357 3140
295 3042 3141
303 3046 3142
303 3047 3143
305 3062 3144
311 3066 3145
305 3085 3146
298 322 3147
305 3105 3148
289 3125 3149
310 3129 3150
306 3148 3151
306 3144 3152
306 3146 3153
305 3149 3154
266 3142 3155
276 612 3156
3138 303 3157
289 3132 3158
306 3154 3159
301 3137 3160
306 3135 3161
303 3156 3162
702 310 3163
596 1745 3164
303 980 3165
285 3165 3166
567 303 3167
540 287 3168
813 295 3169
438 488 3170
746 287 3171
1114 654 3172
915 269 3173
283 714 3174
638 313 3175
1688 627 3176
430 432 3177
289 747 3178
309 436 3179
766 359 3180
1116 490 3181
748 270 3182
1441 830 3183
1290 375 3184
268 389 3185
1248 1316 3186
1554 1481 3187
290 361 3188
2276 2346 3189
268 1049 3190
538 833 3191
2191 756 3192
1331 264 3193
297 1983 3194
578 971 3195
303 1345 3196
307 1318 3197
297 318 3198
303 1291 3199
301 386 3200
2791 340 3201
294 375 3202
345 374 3203
1539 303 3204
454 295 3205
429 340 3206
284 337 3207
1329 310 3208
602 1289 3209
305 1237 3210
1565 302 3211
315 473 3212
447 304 3213
323 372 3214
298 489 3215
304 1680 3216
292 2097 3217
1721 290 3218
297 1750 3219
268 568 3220
1755 431 3221
1777 295 3222
1812 310 3223
297 1818 3224
824 1820 3225
458 270 3226
303 2416 3227
479 264 3228
310 1897 3229
1907 1838 3230
518 1936 3231
638 398 3232
309 363 3233
457 274 3234
312 276 3235
2006 310 3236
2224 304 3237
305 662 3238
303 2042 3239
2161 885 3240
281 670 3241
2080 270 3242
310 1815 3243
303 2103 3244
307 644 3245
1058 2147 3246
285 369 3247
2237 301 3248
285 2180 3249
303 801 3250
309 326 3251
483 2259 3252
2285 1495 3253
309 503 3254
2293 370 3255
509 353 3256
2343 458 3257
385 289 3258
290 2371 3259
532 310 3260
2501 303 3261
1476 336 3262
471 298 3263
292 2523 3264
2524 724 3265
538 768 3266
311 802 3267
746 2329 3268
295 2582 3269
269 2586 3270
276 330 3271
385 269 3272
308 396 3273
1887 2637 3274
1042 2700 3275
305 522 3276
2715 1745 3277
297 2733 3278
365 420 3279
434 327 3280
737 2805 3281
297 2814 3282
301 2833 3283
2844 303 3284
297 626 3285
297 670 3286
2883 310 3287
779 1387 3288
2867 428 3289
910 1313 3290
399 405 3291
290 2973 3292
394 362 3293
2991 290 3294
309 380 3295
269 3060 3296
311 3084 3297
285 3083 3298
310 3091 3299
3099 264 3300
266 3162 3301
297 3143 3302
3131 2379 3303
287 3141 3304
540 293 3305
3211 295 3306
3218 308 3307
294 3239 3308
308 887 3309
308 3283 3310
3294 308 3311
295 3296 3312
300 3299 3313
308 3302 3314
305 3309 3315
308 3313 3316
305 3314 3317
294 3310 3318
306 3315 3319
305 3316 3320
306 3317 3321
295 3318 3322
306 3320 3323
307 3322 3324
808 276 3325
310 805 3326
311 3326 3327
994 1936 3328
772 1056 3329
1092 341 3330
308 1820 3331
268 3331 3332
303 3332 3333
1859 632 3334
1115 295 3335
3335 302 3336
3336 295 3337
1688 327 3338
853 308 3339
281 1411 3340
303 3340 3341
290 3341 3342
744 303 3343
814 320 3344
1691 337 3345
1393 490 3346
748 336 3347
549 298 3348
439 327 3349
399 828 3350
297 1231 3351
434 303 3352
313 916 3353
275 404 3354
1190 303 3355
935 310 3356
284 377 3357
304 378 3358
1127 841 3359
538 1011 3360
296 2032 3361
311 386 3362
311 331 3363
409 301 3364
1058 288 3365
1071 305 3366
1119 654 3367
296 1362 3368
307 339 3369
1190 1759 3370
571 270 3371
307 520 3372
1196 442 3373
302 332 3374
305 386 3375
972 310 3376
1258 425 3377
304 1296 3378
800 311 3379
306 1761 3380
1350 286 3381
290 452 3382
312 297 3383
333 270 3384
1662 666 3385
399 1908 3386
1800 311 3387
311 333 3388
1802 452 3389
897 313 3390
286 378 3391
1351 1804 3392
408 295 3393
1425 295 3394
1467 324 3395
1700 428 3396
1120 1492 3397
972 264 3398
303 1545 3399
1870 337 3400
303 1806 3401
427 1295 3402
827 594 3403
266 1680 3404
1770 452 3405
269 330 3406
994 428 3407
290 1750 3408
1064 287 3409
1038 307 3410
297 373 3411
467 270 3412
294 380 3413
310 1829 3414
1851 290 3415
1854 327 3416
300 836 3417
1272 314 3418
755 372 3419
304 1888 3420
360 807 3421
328 270 3422
284 328 3423
438 338 3424
274 1968 3425
491 304 3426
1292 310 3427
467 303 3428
1124 2027 3429
2065 898 3430
2066 265 3431
960 2071 3432
297 499 3433
376 303 3434
290 2085 3435
2117 431 3436
2179 305 3437
281 2181 3438
303 2186 3439
2188 458 3440
303 2189 3441
276 2207 3442
308 2225 3443
2242 913 3444
1898 2238 3445
2252 310 3446
1218 353 3447
276 314 3448
313 290 3449
276 2266 3450
308 2280 3451
274 2303 3452
276 336 3453
288 1186 3454
307 493 3455
510 270 3456
290 1161 3457
275 1602 3458
2422 264 3459
2424 327 3460
303 2441 3461
2477 295 3462
2520 2277 3463
325 295 3464
292 2551 3465
2558 620 3466
306 2579 3467
2580 290 3468
553 266 3469
265 802 3470
308 2654 3471
285 474 3472
305 2697 3473
308 2701 3474
290 2708 3475
1108 298 3476
288 475 3477
305 416 3478
2740 2576 3479
2773 295 3480
2843 337 3481
2842 307 3482
297 634 3483
2900 303 3484
580 295 3485
292 1244 3486
509 264 3487
284 2924 3488
308 2948 3489
2951 1515 3490
295 2996 3491
1326 270 3492
305 3003 3493
366 425 3494
3029 384 3495
863 290 3496
307 373 3497
1856 310 3498
570 300 3499
3151 1161 3500
3201 442 3501
639 350 3502
450 311 3503
1887 1671 3504
588 451 3505
670 334 3506
292 3227 3507
290 3256 3508
593 295 3509
532 264 3510
297 3333 3511
3292 1749 3512
303 3342 3513
360 888 3514
305 3361 3515
792 290 3516
294 1240 3517
297 585 3518
307 1089 3519
3379 295 3520
308 3382 3521
3387 295 3522
3410 295 3523
305 3451 3524
303 3442 3525
305 3443 3526
3446 269 3527
295 3457 3528
305 3471 3529
518 695 3530
303 3470 3531
296 3474 3532
306 3473 3533
3480 307 3534
305 3489 3535
306 3493 3536
306 3532 3537
306 3535 3538
307 3531 3539
813 303 3540
306 3529 3541
303 3508 3542
293 3528 3543
306 3526 3544
303 3539 3545
284 3521 3546
3520 296 3547
298 3525 3548
297 3542 3549
306 3524 3550
293 3545 3551
303 3546 3552
306 3515 3553
311 3552 3554
1859 303 3555
438 967 3556
576 310 3557
409 290 3558
510 295 3559
301 908 3560
308 3560 3561
284 3561 3562
748 313 3563
285 343 3564
305 2903 3565
306 3565 3566
1081 302 3567
3567 295 3568
308 718 3569
338 420 3570
773 295 3571
1137 359 3572
298 798 3573
307 389 3574
873 336 3575
305 375 3576
294 343 3577
296 344 3578
345 289 3579
923 292 3580
595 432 3581
820 559 3582
363 310 3583
303 808 3584
843 1063 3585
1412 290 3586
292 313 3587
676 303 3588
288 336 3589
303 1017 3590
308 1616 3591
1831 724 3592
2029 270 3593
485 274 3594
1191 293 3595
301 471 3596
1722 431 3597
301 765 3598
1213 270 3599
298 1657 3600
1662 495 3601
1662 620 3602
307 1796 3603
434 310 3604
2433 270 3605
290 333 3606
308 2088 3607
461 292 3608
307 436 3609
897 609 3610
298 488 3611
1441 1419 3612
375 749 3613
276 513 3614
2272 2292 3615
310 1871 3616
475 313 3617
1071 538 3618
726 420 3619
1663 264 3620
719 294 3621
311 1710 3622
643 353 3623
2532 2816 3624
311 343 3625
634 304 3626
297 1747 3627
1762 1035 3628
1812 295 3629
276 2101 3630
1824 303 3631
1849 295 3632
1813 1005 3633
287 447 3634
298 566 3635
414 266 3636
438 435 3637
2009 1956 3638
587 500 3639
2009 2730 3640
303 1955 3641
298 328 3642
1292 521 3643
2007 459 3644
974 296 3645
437 309 3646
541 336 3647
424 632 3648
2078 609 3649
2084 310 3650
275 1549 3651
284 315 3652
1967 1492 3653
1295 1600 3654
376 336 3655
304 350 3656
454 2200 3657
1124 2200 3658
303 973 3659
310 2244 3660
303 2246 3661
2247 328 3662
2316 529 3663
1658 2253 3664
297 2273 3665
2269 379 3666
307 2341 3667
381 420 3668
287 541 3669
1176 654 3670
303 2408 3671
2484 1909 3672
355 310 3673
325 337 3674
2543 529 3675
281 549 3676
303 1053 3677
434 270 3678
2584 295 3679
406 293 3680
963 327 3681
2666 479 3682
2655 301 3683
310 2670 3684
287 1108 3685
686 615 3686
2749 307 3687
274 443 3688
378 311 3689
308 2746 3690
2772 308 3691
2787 1377 3692
285 2813 3693
2834 303 3694
411 310 3695
2850 2075 3696
351 303 3697
400 469 3698
284 353 3699
510 310 3700
1163 431 3701
2955 344 3702
304 2971 3703
2331 452 3704
308 2987 3705
292 2181 3706
1040 270 3707
576 336 3708
1696 3077 3709
273 352 3710
308 1071 3711
1856 295 3712
291 3150 3713
294 416 3714
292 3199 3715
298 375 3716
293 381 3717
309 3216 3718
304 3221 3719
284 503 3720
525 295 3721
3257 495 3722
588 310 3723
295 3276 3724
290 1884 3725
3330 1509 3726
801 292 3727
307 965 3728
348 293 3729
368 524 3730
335 336 3731
309 3378 3732
1087 3412 3733
3415 295 3734
602 568 3735
303 3488 3736
2884 1978 3737
1092 825 3738
305 3591 3739
3594 308 3740
3595 303 3741
296 3607 3742
303 3609 3743
311 3616 3744
308 3622 3745
303 3630 3746
305 373 3747
298 1158 3748
303 3651 3749
311 3660 3750
285 3661 3751
3673 307 3752
3680 303 3753
311 3684 3754
268 3703 3755
305 3705 3756
305 3711 3757
3713 714 3758
265 3719 3759
310 3720 3760
293 3724 3761
305 3732 3762
306 3739 3763
290 3760 3764
306 3762 3765
305 3745 3766
298 3746 3767
3752 303 3768
306 3757 3769
305 3755 3770
306 3766 3771
306 3756 3772
306 3770 3773
269 747 3774
698 310 3775
1607 310 3776
1824 310 3777
281 2026 3778
744 527 3779
557 301 3780
303 939 3781
475 295 3782
1260 327 3783
435 293 3784
368 301 3785
281 1341 3786
773 308 3787
480 828 3788
289 1262 3789
309 361 3790
1679 2788 3791
794 952 3792
930 490 3793
331 916 3794
285 569 3795
292 2417 3796
1215 1343 3797
351 308 3798
1330 601 3799
298 343 3800
1979 324 3801
305 730 3802
350 264 3803
1164 290 3804
894 295 3805
1247 270 3806
294 956 3807
303 718 3808
1415 269 3809
376 776 3810
1720 430 3811
271 1281 3812
430 337 3813
288 1135 3814
1487 469 3815
480 560 3816
977 530 3817
430 264 3818
2196 303 3819
281 1697 3820
266 1399 3821
1249 1419 3822
308 1622 3823
504 307 3824
365 297 3825
333 264 3826
1802 520 3827
297 609 3828
1441 1270 3829
1197 281 3830
403 327 3831
265 332 3832
300 423 3833
1054 1596 3834
305 362 3835
438 312 3836
295 1553 3837
1026 2042 3838
409 420 3839
292 451 3840
289 677 3841
1766 520 3842
644 877 3843
303 1672 3844
1768 374 3845
294 993 3846
303 1771 3847
295 1761 3848
276 458 3849
1172 673 3850
1253 1804 3851
268 318 3852
275 601 3853
303 1827 3854
307 1836 3855
286 1920 3856
1722 1920 3857
1850 950 3858
356 396 3859
450 281 3860
265 439 3861
1479 308 3862
308 1951 3863
810 432 3864
1971 359 3865
285 599 3866
271 2008 3867
311 322 3868
305 429 3869
1386 311 3870
304 328 3871
303 2053 3872
2055 1305 3873
303 2068 3874
2554 807 3875
311 2070 3876
265 379 3877
831 2463 3878
290 1216 3879
2179 298 3880
2242 861 3881
2239 1336 3882
303 2245 3883
300 844 3884
2316 436 3885
296 1372 3886
588 313 3887
276 326 3888
3448 336 3889
301 900 3890
1767 2268 3891
755 432 3892
2976 527 3893
296 365 3894
2048 2362 3895
303 2243 3896
943 2384 3897
624 526 3898
610 374 3899
2479 303 3900
310 544 3901
294 325 3902
366 447 3903
308 2550 3904
313 293 3905
2569 811 3906
288 315 3907
287 408 3908
304 593 3909
424 270 3910
365 311 3911
540 2630 3912
1807 2631 3913
1043 295 3914
1093 2711 3915
479 303 3916
2766 1956 3917
393 264 3918
2774 265 3919
2807 1037 3920
438 952 3921
2839 295 3922
309 373 3923
345 287 3924
755 490 3925
3034 604 3926
2333 3040 3927
309 964 3928
307 365 3929
293 964 3930
3055 2335 3931
480 3064 3932
643 303 3933
292 3076 3934
1040 310 3935
525 303 3936
3297 295 3937
290 634 3938
307 474 3939
3140 284 3940
3171 1901 3941
1185 3178 3942
1297 294 3943
3195 359 3944
308 3200 3945
307 849 3946
307 488 3947
477 303 3948
2998 284 3949
869 295 3950
307 3263 3951
580 270 3952
3021 311 3953
3305 351 3954
454 1141 3955
1889 264 3956
1817 2497 3957
526 577 3958
389 313 3959
292 3399 3960
3417 268 3961
308 3454 3962
3468 295 3963
308 3472 3964
283 866 3965
399 3499 3966
307 1056 3967
1183 3517 3968
308 1114 3969
623 270 3970
441 3582 3971
290 838 3972
308 3598 3973
3618 527 3974
3667 289 3975
3679 305 3976
265 3690 3977
305 3718 3978
292 3749 3979
305 3759 3980
3758 733 3981
653 3776 3982
3777 307 3983
3789 387 3984
3795 349 3985
308 3805 3986
3812 270 3987
3817 309 3988
305 3823 3989
3824 295 3990
285 3844 3991
290 713 3992
295 3846 3993
307 3848 3994
1058 3850 3995
1715 337 3996
292 331 3997
303 3861 3998
475 627 3999
305 3863 4000
295 3867 4001
309 3875 4002
3880 264 4003
295 3889 4004
615 953 4005
1375 384 4006
311 3901 4007
309 3904 4008
3915 298 4009
1329 295 4010
306 3928 4011
295 3930 4012
297 1243 4013
308 3937 4014
3943 303 4015
305 3962 4016
305 3964 4017
305 3969 4018
310 3977 4019
306 4000 4020
302 4004 4021
306 4008 4022
306 4018 4023
306 3978 4024
306 4017 4025
305 3986 4026
306 3989 4027
293 3998 4028
4015 265 4029
305 4014 4030
295 4016 4031
307 4019 4032
306 4026 4033
306 3980 4034
269 3993 4035
306 4030 4036
309 4031 4037
1579 1390 4038
968 270 4039
281 922 4040
1132 505 4041
307 1073 4042
975 336 4043
448 490 4044
303 774 4045
1116 310 4046
292 4045 4047
302 413 4048
1795 2187 4049
486 745 4050
303 1354 4051
961 303 4052
880 301 4053
269 337 4054
265 459 4055
310 4055 4056
291 4056 4057
810 927 4058
308 4057 4059
305 4059 4060
306 4060 4061
285 318 4062
770 352 4063
763 620 4064
2591 913 4065
281 357 4066
1246 295 4067
765 782 4068
281 2417 4069
305 405 4070
815 327 4071
809 334 4072
293 839 4073
596 490 4074
1406 1269 4075
840 310 4076
935 685 4077
692 274 4078
454 326 4079
423 956 4080
303 871 4081
1752 295 4082
313 334 4083
972 336 4084
931 302 4085
1127 950 4086
289 413 4087
639 295 4088
308 1720 4089
989 628 4090
297 2030 4091
301 1117 4092
300 1117 4093
290 386 4094
1386 1397 4095
276 1348 4096
754 620 4097
440 304 4098
2029 336 4099
1653 1085 4100
281 1321 4101
794 338 4102
1248 1223 4103
274 1376 4104
363 1362 4105
1518 340 4106
484 334 4107
1053 587 4108
303 1815 4109
298 952 4110
1907 595 4111
309 1385 4112
298 405 4113
1465 531 4114
301 332 4115
1670 315 4116
651 396 4117
438 517 4118
746 2292 4119
1766 452 4120
1767 294 4121
465 294 4122
772 362 4123
1735 310 4124
303 2941 4125
302 479 4126
994 337 4127
659 1761 4128
273 424 4129
266 350 4130
289 3409 4131
517 2102 4132
485 289 4133
438 959 4134
265 1902 4135
974 2548 4136
1445 1922 4137
300 379 4138
377 830 4139
308 1937 4140
1371 558 4141
357 388 4142
304 666 4143
294 568 4144
286 322 4145
2007 883 4146
289 264 4147
310 2230 4148
395 308 4149
388 1122 4150
309 369 4151
287 327 4152
2131 1461 4153
2148 344 4154
305 2174 4155
532 295 4156
362 304 4157
808 628 4158
301 852 4159
457 290 4160
639 310 4161
2294 305 4162
2109 295 4163
326 295 4164
2348 310 4165
794 330 4166
2363 303 4167
540 266 4168
2386 295 4169
2067 559 4170
315 264 4171
2063 1160 4172
307 437 4173
288 2745 4174
639 625 4175
308 943 4176
441 310 4177
2563 295 4178
2492 380 4179
310 988 4180
313 276 4181
1170 428 4182
295 1603 4183
286 2178 4184
850 305 4185
1027 2716 4186
2726 295 4187
2765 1262 4188
2763 265 4189
2757 374 4190
394 310 4191
2012 270 4192
288 883 4193
294 830 4194
423 329 4195
1053 2848 4196
915 2865 4197
297 1089 4198
307 2888 4199
304 375 4200
3484 298 4201
310 2912 4202
639 1278 4203
283 1043 4204
2929 311 4205
2933 1514 4206
1885 270 4207
305 3139 4208
289 3013 4209
3049 684 4210
516 293 4211
3145 310 4212
1121 1078 4213
568 918 4214
287 490 4215
472 3108 4216
2643 3118 4217
3168 308 4218
295 3174 4219
3184 270 4220
3197 951 4221
427 266 4222
845 288 4223
305 3229 4224
3231 327 4225
1297 309 4226
1605 326 4227
869 264 4228
3250 2017 4229
303 551 4230
368 3722 4231
1187 328 4232
3270 503 4233
309 3289 4234
3293 2961 4235
3319 276 4236
3328 728 4237
3329 577 4238
303 1643 4239
1493 3345 4240
305 3348 4241
866 310 4242
3354 420 4243
297 965 4244
290 569 4245
549 290 4246
457 601 4247
1505 303 4248
490 290 4249
3550 1869 4250
3534 295 4251
403 3509 4252
3522 296 4253
297 3513 4254
3516 308 4255
298 586 4256
308 3573 4257
580 327 4258
481 727 4259
2023 303 4260
307 3590 4261
878 336 4262
737 3613 4263
305 1528 4264
824 290 4265
3664 425 4266
480 1280 4267
308 3764 4268
3748 264 4269
434 308 4270
290 3783 4271
740 303 4272
1597 2882 4273
295 1937 4274
305 3841 4275
2781 507 4276
3884 1104 4277
308 491 4278
1329 303 4279
301 3909 4280
655 562 4281
3933 281 4282
759 1607 4283
4024 303 4284
301 4001 4285
4079 940 4286
4085 295 4287
305 4089 4288
303 4096 4289
936 264 4290
305 4112 4291
1789 336 4292
465 290 4293
276 436 4294
301 4125 4295
295 4126 4296
310 4135 4297
744 372 4298
968 264 4299
1315 307 4300
295 4174 4301
268 470 4302
399 326 4303
305 4180 4304
1581 336 4305
1469 313 4306
4201 303 4307
295 4199 4308
306 4208 4309
305 4209 4310
4223 303 4311
4226 295 4312
292 4230 4313
265 4257 4314
303 4261 4315
276 337 4316
311 4268 4317
284 4274 4318
306 4275 4319
308 1691 4320
281 350 4321
306 4288 4322
268 4296 4323
306 4291 4324
291 4297 4325
302 4320 4326
307 4307 4327
306 4310 4328
285 4308 4329
265 4315 4330
306 4317 4331
306 4314 4332
295 4326 4333
286 431 4334
302 756 4335
1789 270 4336
880 311 4337
304 1461 4338
385 1582 4339
1355 336 4340
827 1138 4341
1510 310 4342
269 2511 4343
732 370 4344
288 1448 4345
1442 1145 4346
309 327 4347
290 3192 4348
1330 286 4349
899 327 4350
298 1126 4351
288 314 4352
1344 264 4353
889 353 4354
441 1236 4355
840 500 4356
2695 507 4357
1247 336 4358
1753 303 4359
288 526 4360
399 362 4361
1376 293 4362
349 398 4363
393 327 4364
281 314 4365
923 301 4366
2078 527 4367
309 726 4368
1165 1017 4369
303 1473 4370
399 736 4371
1653 1064 4372
711 315 4373
285 1321 4374
1588 505 4375
265 1755 4376
1588 442 4377
303 1538 4378
1358 290 4379
315 398 4380
298 318 4381
1599 1056 4382
1573 310 4383
285 1657 4384
274 726 4385
290 562 4386
305 1901 4387
308 1199 4388
291 264 4389
293 1902 4390
696 1903 4391
286 1216 4392
266 332 4393
331 388 4394
1560 469 4395
518 381 4396
1621 353 4397
307 1945 4398
450 958 4399
1119 1562 4400
1663 295 4401
3059 1149 4402
1189 337 4403
368 269 4404
266 898 4405
311 378 4406
1454 469 4407
285 652 4408
290 432 4409
2712 452 4410
399 378 4411
303 1669 4412
309 405 4413
1669 465 4414
1197 309 4415
465 309 4416
307 1567 4417
880 1701 4418
1912 336 4419
309 479 4420
309 1186 4421
1524 940 4422
450 1627 4423
2291 1110 4424
1544 266 4425
510 507 4426
2536 353 4427
303 1557 4428
2043 295 4429
2293 432 4430
311 541 4431
1732 425 4432
288 325 4433
2217 305 4434
1997 791 4435
310 1997 4436
1594 2097 4437
306 2935 4438
2721 295 4439
1735 336 4440
1698 1483 4441
296 1707 4442
1844 359 4443
1999 303 4444
2618 1585 4445
2818 295 4446
307 1223 4447
1406 428 4448
2819 327 4449
1767 296 4450
286 330 4451
1215 1792 4452
1522 310 4453
309 330 4454
310 2173 4455
779 379 4456
287 1826 4457
1831 499 4458
368 1847 4459
375 1899 4460
651 420 4461
809 307 4462
632 302 4463
368 276 4464
300 2622 4465
307 598 4466
1479 558 4467
2224 1214 4468
1336 302 4469
290 320 4470
1639 888 4471
307 328 4472
2461 298 4473
1885 295 4474
3645 310 4475
1569 2037 4476
732 310 4477
2161 503 4478
740 987 4479
297 2096 4480
2122 425 4481
307 2123 4482
324 1256 4483
283 2128 4484
665 2127 4485
294 2381 4486
265 336 4487
1447 2133 4488
2164 270 4489
2466 302 4490
294 2255 4491
2318 1549 4492
2341 281 4493
269 568 4494
437 628 4495
307 318 4496
772 609 4497
325 270 4498
300 795 4499
796 336 4500
281 507 4501
1406 1186 4502
2434 1256 4503
322 370 4504
309 566 4505
290 2504 4506
401 310 4507
313 283 4508
303 755 4509
304 1502 4510
2569 1031 4511
2514 2581 4512
485 316 4513
2560 521 4514
478 270 4515
297 315 4516
2611 2126 4517
290 553 4518
268 1816 4519
439 303 4520
2685 395 4521
2684 289 4522
481 520 4523
303 1851 4524
2723 333 4525
309 883 4526
2785 305 4527
2786 377 4528
286 975 4529
323 270 4530
775 295 4531
801 274 4532
281 2854 4533
297 2849 4534
2847 270 4535
2856 2062 4536
883 298 4537
307 2859 4538
3287 307 4539
300 1224 4540
303 2881 4541
1384 2902 4542
276 327 4543
310 602 4544
293 1313 4545
266 2936 4546
1278 290 4547
342 310 4548
303 793 4549
303 2963 4550
265 705 4551
3022 538 4552
1040 264 4553
406 296 4554
281 503 4555
1040 336 4556
309 1680 4557
480 437 4558
283 2887 4559
300 593 4560
304 610 4561
772 3104 4562
3153 310 4563
290 433 4564
438 804 4565
305 1681 4566
359 307 4567
276 490 4568
294 1089 4569
1642 304 4570
3185 327 4571
702 270 4572
498 337 4573
434 885 4574
671 310 4575
3222 293 4576
298 804 4577
1889 295 4578
302 3023 4579
310 3295 4580
621 295 4581
1605 549 4582
311 3312 4583
1258 372 4584
399 560 4585
933 307 4586
532 313 4587
3730 271 4588
368 1229 4589
315 432 4590
295 3369 4591
285 4591 4592
281 1711 4593
290 2893 4594
308 3423 4595
305 4595 4596
306 4596 4597
1832 3427 4598
3449 295 4599
702 264 4600
2136 3466 4601
3467 1337 4602
293 515 4603
303 2399 4604
3558 295 4605
3576 326 4606
281 3584 4607
3586 295 4608
3596 345 4609
869 359 4610
303 3600 4611
313 452 4612
3603 264 4613
319 309 4614
308 3623 4615
309 4615 4616
306 4616 4617
3631 307 4618
295 3642 4619
302 4619 4620
4620 386 4621
304 470 4622
310 3672 4623
311 4623 4624
644 392 4625
864 1389 4626
1505 2339 4627
832 3721 4628
1107 3734 4629
285 3736 4630
2776 295 4631
866 295 4632
474 381 4633
2891 3774 4634
1860 310 4635
3785 304 4636
285 3793 4637
290 632 4638
303 4638 4639
266 2898 4640
1163 1242 4641
309 3825 4642
973 293 4643
554 314 4644
298 314 4645
283 3871 4646
3876 271 4647
305 4646 4648
4647 270 4649
306 4648 4650
295 3879 4651
307 4651 4652
292 3883 4653
3170 3886 4654
311 350 4655
3911 295 4656
314 286 4657
1784 408 4658
1684 295 4659
269 3945 4660
269 3973 4661
295 4661 4662
290 734 4663
300 4012 4664
286 4068 4665
292 4081 4666
744 336 4667
4115 4044 4668
855 327 4669
4123 842 4670
766 295 4671
968 490 4672
430 330 4673
308 4165 4674
305 4674 4675
4166 1387 4676
306 4675 4677
1440 340 4678
308 4177 4679
283 4679 4680
295 4680 4681
297 4681 4682
729 469 4683
295 4194 4684
305 4204 4685
306 4685 4686
308 4215 4687
305 4687 4688
961 310 4689
297 4239 4690
493 284 4691
297 336 4692
4260 290 4693
4693 308 4694
1938 302 4695
4695 295 4696
672 745 4697
266 4289 4698
4337 295 4699
4699 296 4700
1579 338 4701
4304 1596 4702
4312 288 4703
4703 295 4704
288 337 4705
310 4347 4706
4355 310 4707
2119 343 4708
4382 442 4709
1121 1534 4710
308 4387 4711
294 4711 4712
295 4712 4713
295 4390 4714
303 4398 4715
285 4715 4716
1879 4402 4717
4417 314 4718
454 4416 4719
4415 310 4720
4720 298 4721
4434 310 4722
311 4436 4723
4722 300 4724
4723 3826 4725
4724 295 4726
294 756 4727
393 337 4728
305 4455 4729
4463 295 4730
4462 295 4731
4469 295 4732
1467 4479 4733
689 264 4734
324 1316 4735
4490 295 4736
308 4501 4737
288 4737 4738
295 4738 4739
298 4739 4740
1510 270 4741
306 4526 4742
4539 295 4743
292 4541 4744
4542 802 4745
294 4544 4746
308 4546 4747
292 4550 4748
294 4747 4749
295 4749 4750
307 4750 4751
632 374 4752
295 4566 4753
4567 295 4754
287 4753 4755
4576 303 4756
300 4580 4757
303 764 4758
298 4656 4759
4658 340 4760
295 4660 4761
759 4673 4762
297 4684 4763
4700 295 4764
300 4714 4765
2690 4735 4766
301 930 4767
285 4743 4768
394 4760 4769
4759 296 4770
394 378 4771
1442 295 4772
4772 296 4773
307 833 4774
399 956 4775
303 4774 4776
2916 295 4777
840 295 4778
318 337 4779
935 313 4780
897 270 4781
1414 318 4782
4782 1861 4783
298 834 4784
297 1826 4785
307 1613 4786
303 4786 4787
831 320 4788
814 2790 4789
399 2270 4790
1753 398 4791
1572 2268 4792
307 1147 4793
275 4793 4794
450 266 4795
308 3198 4796
305 4796 4797
1487 336 4798
306 4797 4799
303 2274 4800
287 376 4801
297 2275 4802
4088 4802 4803
295 2274 4804
298 2275 4805
310 582 4806
1249 458 4807
1556 310 4808
294 513 4809
295 4809 4810
853 1517 4811
2196 295 4812
303 1119 4813
1266 372 4814
1266 396 4815
1164 1215 4816
1518 310 4817
300 580 4818
314 1104 4819
311 336 4820
303 3207 4821
1401 302 4822
4822 295 4823
308 1794 4824
300 1619 4825
1578 4825 4826
1621 1495 4827
1561 337 4828
289 378 4829
265 1562 4830
1888 305 4831
310 3377 4832
311 4832 4833
1058 1325 4834
313 268 4835
363 304 4836
3652 4835 4837
708 1620 4838
302 1945 4839
295 4839 4840
307 4840 4841
283 313 4842
587 1037 4843
1802 303 4844
1453 307 4845
4844 290 4846
4845 295 4847
4846 295 4848
281 432 4849
298 472 4850
290 1120 4851
3212 290 4852
1951 520 4853
295 1798 4854
1951 452 4855
289 331 4856
290 680 4857
408 303 4858
1967 295 4859
4859 305 4860
290 398 4861
1544 290 4862
4862 303 4863
311 499 4864
333 324 4865
1870 308 4866
2931 303 4867
1870 295 4868
296 1551 4869
295 4869 4870
307 4870 4871
1997 1635 4872
1998 933 4873
799 527 4874
311 416 4875
1768 302 4876
4876 295 4877
2448 314 4878
492 265 4879
4879 328 4880
1732 527 4881
276 1064 4882
1271 266 4883
297 1186 4884
849 782 4885
345 296 4886
298 557 4887
399 423 4888
397 337 4889
3632 286 4890
285 719 4891
450 1814 4892
284 423 4893
2453 392 4894
598 297 4895
2008 295 4896
2223 336 4897
315 336 4898
651 374 4899
2832 314 4900
1054 2025 4901
2957 265 4902
290 328 4903
4903 4548 4904
294 328 4905
385 266 4906
287 328 4907
513 303 4908
1447 2229 4909
2736 270 4910
301 3243 4911
1119 2229 4912
884 1256 4913
2130 327 4914
1967 1101 4915
3245 956 4916
301 651 4917
308 4917 4918
283 4918 4919
1687 2631 4920
1206 756 4921
300 361 4922
308 2183 4923
283 1135 4924
2202 484 4925
274 493 4926
307 381 4927
2245 302 4928
4928 295 4929
2249 503 4930
2249 457 4931
3662 353 4932
540 274 4933
4933 308 4934
655 370 4935
309 2382 4936
305 4936 4937
306 4937 4938
4938 2388 4939
291 473 4940
305 2343 4941
306 4941 4942
2355 1613 4943
294 319 4944
309 534 4945
2847 295 4946
308 4946 4947
305 4947 4948
306 4948 4949
281 2475 4950
309 337 4951
309 459 4952
1199 705 4953
303 1219 4954
305 4954 4955
2436 310 4956
4956 268 4957
309 2430 4958
2437 303 4959
2440 1404 4960
305 307 4961
306 4961 4962
2506 325 4963
4963 888 4964
718 2522 4965
763 340 4966
354 337 4967
2174 303 4968
394 2533 4969
2565 336 4970
297 392 4971
303 2748 4972
310 2858 4973
311 4973 4974
363 452 4975
283 2581 4976
295 4976 4977
290 730 4978
275 4978 4979
1740 303 4980
2593 281 4981
290 837 4982
303 4982 4983
293 4983 4984
281 452 4985
2048 2632 4986
3117 531 4987
394 4987 4988
2669 283 4989
2487 2683 4990
281 416 4991
1574 350 4992
408 2707 4993
485 276 4994
276 3476 4995
303 4995 4996
274 4996 4997
394 2725 4998
2765 300 4999
2759 310 5000
4189 412 5001
361 302 5002
5002 295 5003
293 324 5004
295 5004 5005
409 1709 5006
480 361 5007
2831 303 5008
510 452 5009
308 2838 5010
296 5010 5011
306 5011 5012
298 379 5013
305 395 5014
281 378 5015
2759 431 5016
290 751 5017
2910 304 5018
307 408 5019
457 286 5020
308 2927 5021
2964 727 5022
292 562 5023
300 408 5024
2969 601 5025
2067 648 5026
3002 431 5027
3009 1082 5028
486 473 5029
517 295 5030
3496 310 5031
1339 3051 5032
1591 3056 5033
3057 293 5034
1882 3079 5035
3086 420 5036
1512 3090 5037
2677 3097 5038
2219 3107 5039
3115 425 5040
3152 303 5041
2495 313 5042
290 1818 5043
1604 296 5044
311 1118 5045
269 3196 5046
887 289 5047
1682 396 5048
298 583 5049
265 313 5050
454 1123 5051
698 609 5052
3234 295 5053
5053 286 5054
1493 3238 5055
307 495 5056
307 499 5057
2253 295 5058
307 975 5059
824 2497 5060
1459 295 5061
388 296 5062
1388 541 5063
800 266 5064
540 288 5065
308 3375 5066
302 5066 5067
399 671 5068
381 301 5069
284 322 5070
3431 1681 5071
295 3450 5072
298 5072 5073
698 313 5074
286 1046 5075
269 1046 5076
295 3548 5077
3547 295 5078
3533 310 5079
3568 307 5080
5080 295 5081
669 295 5082
1371 1435 5083
293 416 5084
309 714 5085
3626 295 5086
450 3636 5087
308 3634 5088
305 5088 5089
306 5089 5090
295 3742 5091
399 3646 5092
2192 2259 5093
290 627 5094
307 3677 5095
1292 833 5096
3683 841 5097
1292 3697 5098
3715 654 5099
3763 310 5100
3983 295 5101
304 359 5102
3802 844 5103
596 3813 5104
1081 374 5105
477 3831 5106
310 636 5107
268 1468 5108
287 3903 5109
1551 304 5110
305 5110 5111
306 5111 5112
304 440 5113
308 2172 5114
305 5114 5115
306 5115 5116
297 2504 5117
307 1280 5118
305 3940 5119
306 5119 5120
287 714 5121
3949 303 5122
3966 1021 5123
3566 601 5124
4025 353 5125
4020 495 5126
3988 303 5127
303 3981 5128
292 5128 5129
269 4065 5130
305 5130 5131
306 5131 5132
303 4066 5133
393 637 5134
304 429 5135
4087 782 5136
295 1786 5137
307 4097 5138
297 4103 5139
300 432 5140
268 913 5141
4121 3872 5142
285 4132 5143
4133 308 5144
309 4140 5145
310 5145 5146
291 5146 5147
305 369 5148
4181 428 5149
4183 2207 5150
912 2345 5151
4185 303 5152
968 303 5153
310 1716 5154
880 289 5155
399 467 5156
4211 303 5157
286 2187 5158
4235 295 5159
4694 302 5160
5160 295 5161
5161 307 5162
5162 295 5163
303 4271 5164
292 5164 5165
766 604 5166
306 4343 5167
1579 389 5168
1789 295 5169
1119 2133 5170
291 4362 5171
285 4383 5172
305 4388 5173
306 5173 5174
4399 310 5175
4423 310 5176
290 4338 5177
303 5177 5178
307 5178 5179
303 5179 5180
274 408 5181
672 473 5182
295 4442 5183
430 351 5184
394 303 5185
293 773 5186
295 5186 5187
286 5187 5188
1648 1031 5189
309 1262 5190
308 4540 5191
305 5191 5192
306 5192 5193
2692 290 5194
303 4555 5195
2980 3039 5196
1262 310 5197
303 4571 5198
471 4568 5199
308 4692 5200
4718 2053 5201
310 4751 5202
4746 336 5203
4763 302 5204
2453 4779 5205
2914 881 5206
4790 1289 5207
308 4593 5208
292 4813 5209
303 4830 5210
4848 302 5211
4851 1101 5212
295 4857 5213
4864 302 5214
1117 336 5215
298 1931 5216
438 381 5217
4877 307 5218
739 311 5219
1344 336 5220
1008 303 5221
274 4895 5222
1817 4911 5223
276 830 5224
308 3356 5225
4926 289 5226
292 4932 5227
338 311 5228
307 452 5229
311 950 5230
4652 4202 5231
311 4639 5232
297 1260 5233
268 4622 5234
309 1509 5235
303 862 5236
4981 1316 5237
450 1608 5238
294 4635 5239
399 4631 5240
290 1515 5241
305 553 5242
293 5021 5243
276 4080 5244
831 2790 5245
290 1555 5246
290 546 5247
1107 5101 5248
269 885 5249
304 434 5250
4657 295 5251
295 3578 5252
4690 5134 5253
443 307 5254
1330 290 5255
775 436 5256
5174 987 5257
450 1720 5258
408 327 5259
290 5180 5260
5188 327 5261
308 4664 5262
5194 308 5263
530 5199 5264
292 5198 5265
311 5202 5266
5204 295 5267
305 5208 5268
293 5210 5269
5211 295 5270
287 5213 5271
5218 295 5272
295 5216 5273
305 5225 5274
310 5235 5275
305 5234 5276
295 5243 5277
303 1572 5278
302 5252 5279
5268 310 5280
311 5277 5281
306 5276 5282
300 5275 5283
306 5280 5284
306 5274 5285
297 1250 5286
295 3814 5287
739 293 5288
269 861 5289
290 5287 5290
732 1011 5291
483 1586 5292
424 469 5293
1522 303 5294
1487 270 5295
1634 304 5296
1487 609 5297
285 952 5298
361 374 5299
2079 1786 5300
3363 283 5301
309 1516 5302
1446 1017 5303
284 331 5304
307 730 5305
307 1221 5306
2276 1719 5307
307 1517 5308
1052 310 5309
368 5309 5310
1358 296 5311
1832 286 5312
308 1358 5313
394 503 5314
1482 1078 5315
285 834 5316
1833 337 5317
281 437 5318
1213 507 5319
1161 290 5320
290 670 5321
308 4385 5322
295 1986 5323
296 5322 5324
326 336 5325
281 431 5326
281 1214 5327
303 5327 5328
289 5328 5329
639 408 5330
304 620 5331
401 264 5332
304 1401 5333
296 5333 5334
305 5334 5335
306 5335 5336
2290 264 5337
1478 302 5338
288 312 5339
1363 336 5340
308 3376 5341
305 5341 5342
306 5342 5343
960 1064 5344
290 1836 5345
297 1836 5346
1795 378 5347
288 1043 5348
1663 303 5349
1441 1600 5350
1185 1837 5351
3381 913 5352
1666 264 5353
309 1085 5354
1155 298 5355
315 1036 5356
334 298 5357
988 2607 5358
2148 1433 5359
303 1358 5360
284 380 5361
308 5361 5362
305 5362 5363
306 5363 5364
5364 913 5365
359 334 5366
298 471 5367
580 507 5368
293 1220 5369
823 1868 5370
309 3213 5371
5371 495 5372
1729 503 5373
290 1911 5374
298 413 5375
368 283 5376
298 959 5377
1120 303 5378
424 264 5379
290 2613 5380
305 5380 5381
306 5381 5382
1428 296 5383
322 1547 5384
2043 1528 5385
2295 1347 5386
1843 469 5387
1646 308 5388
3070 2906 5389
540 2935 5390
303 1676 5391
480 322 5392
307 1707 5393
308 1806 5394
273 5394 5395
310 5395 5396
571 264 5397
281 1502 5398
576 303 5399
2221 868 5400
530 1845 5401
639 2000 5402
1771 327 5403
307 2725 5404
1812 303 5405
540 860 5406
510 495 5407
3857 425 5408
3080 290 5409
783 684 5410
831 503 5411
2049 307 5412
686 864 5413
308 1215 5414
309 5414 5415
306 5415 5416
2104 1312 5417
715 295 5418
1071 301 5419
3425 429 5420
281 2551 5421
281 666 5422
1042 1924 5423
307 2303 5424
2461 290 5425
2831 295 5426
309 328 5427
538 327 5428
2006 303 5429
438 2028 5430
269 842 5431
494 327 5432
3873 372 5433
300 2554 5434
298 406 5435
265 883 5436
310 5436 5437
291 5437 5438
2084 295 5439
2307 916 5440
795 353 5441
485 2630 5442
746 289 5443
289 326 5444
772 751 5445
698 264 5446
2168 673 5447
800 296 5448
285 2238 5449
2757 396 5450
1881 310 5451
480 343 5452
1431 302 5453
5453 295 5454
292 569 5455
2264 318 5456
739 288 5457
2311 620 5458
266 312 5459
2471 1145 5460
297 2324 5461
772 303 5462
764 2394 5463
1678 1607 5464
295 718 5465
366 370 5466
2438 388 5467
2438 374 5468
2477 337 5469
2487 265 5470
292 344 5471
1064 301 5472
2680 2977 5473
269 434 5474
289 377 5475
266 2521 5476
305 408 5477
610 293 5478
307 335 5479
303 1813 5480
2559 388 5481
283 340 5482
284 627 5483
1374 273 5484
5484 308 5485
292 520 5486
5485 309 5487
5487 303 5488
767 303 5489
394 422 5490
2124 307 5491
3271 2070 5492
5492 357 5493
300 307 5494
794 2620 5495
308 1742 5496
2622 337 5497
943 580 5498
303 2627 5499
287 651 5500
5500 305 5501
281 3117 5502
2657 295 5503
2262 2667 5504
288 313 5505
297 2687 5506
2177 295 5507
988 332 5508
289 499 5509
1022 307 5510
287 440 5511
2012 336 5512
1971 264 5513
274 1108 5514
491 303 5515
265 324 5516
1352 300 5517
499 287 5518
360 314 5519
1106 1575 5520
2239 493 5521
683 2251 5522
303 2758 5523
688 627 5524
284 416 5525
578 503 5526
488 420 5527
308 2923 5528
305 5528 5529
306 5529 5530
479 270 5531
295 2940 5532
3133 1055 5533
1757 2953 5534
325 507 5535
628 733 5536
297 3006 5537
2530 3494 5538
281 451 5539
3031 2921 5540
610 396 5541
311 490 5542
265 340 5543
303 1104 5544
307 3041 5545
309 343 5546
3071 1858 5547
304 546 5548
287 3090 5549
287 592 5550
2657 310 5551
3147 1515 5552
1040 303 5553
269 3134 5554
1856 303 5555
323 336 5556
273 1681 5557
310 5557 5558
3194 1411 5559
310 2060 5560
311 5560 5561
1297 290 5562
303 779 5563
831 303 5564
3215 303 5565
293 918 5566
458 337 5567
430 1223 5568
3241 998 5569
3251 654 5570
308 1339 5571
305 5571 5572
306 5572 5573
602 3269 5574
586 303 5575
1526 612 5576
288 3279 5577
303 5577 5578
634 475 5579
308 3725 5580
1890 637 5581
293 580 5582
1109 3349 5583
1698 2071 5584
992 283 5585
308 1643 5586
3380 353 5587
306 2890 5588
3518 303 5589
5589 281 5590
5590 304 5591
287 634 5592
308 3404 5593
305 5593 5594
306 5594 5595
301 3420 5596
305 5596 5597
306 5597 5598
295 3426 5599
309 569 5600
290 3523 5601
698 685 5602
308 3447 5603
305 5603 5604
306 5604 5605
644 1046 5606
303 3024 5607
3458 396 5608
3482 295 5609
3965 264 5610
2256 283 5611
5611 747 5612
450 3549 5613
2411 3570 5614
303 3574 5615
290 5615 5616
3579 913 5617
394 598 5618
472 420 5619
310 1171 5620
311 5620 5621
875 336 5622
2023 927 5623
2401 308 5624
804 446 5625
2501 295 5626
296 370 5627
647 685 5628
305 753 5629
303 3614 5630
1095 264 5631
268 3671 5632
1215 1644 5633
2262 4625 5634
291 685 5635
1687 448 5636
3686 507 5637
1583 3753 5638
810 370 5639
303 3699 5640
300 467 5641
1737 295 5642
732 333 5643
311 406 5644
3743 273 5645
292 5645 5646
305 3506 5647
649 1242 5648
509 270 5649
303 928 5650
1583 3794 5651
3801 329 5652
311 685 5653
293 1037 5654
295 5654 5655
305 3512 5656
306 5656 5657
301 425 5658
302 336 5659
3194 3843 5660
295 519 5661
293 3854 5662
3994 337 5663
3869 825 5664
2584 1492 5665
290 4005 5666
308 384 5667
289 5667 5668
310 5668 5669
291 5669 5670
276 3914 5671
303 5671 5672
298 5672 5673
3975 340 5674
1109 654 5675
1109 705 5676
483 276 5677
307 3953 5678
4035 336 5679
4027 495 5680
1484 916 5681
303 3992 5682
307 1243 5683
1646 886 5684
4078 295 5685
5685 286 5686
1037 290 5687
767 312 5688
301 5688 5689
305 5689 5690
306 5690 5691
4104 420 5692
309 315 5693
4111 1038 5694
1676 337 5695
1116 500 5696
268 747 5697
2684 2313 5698
4122 2841 5699
307 5699 5700
1511 1553 5701
1926 1380 5702
1658 4129 5703
4131 264 5704
293 387 5705
284 807 5706
303 814 5707
285 4139 5708
350 1289 5709
1243 305 5710
1116 327 5711
4172 337 5712
4188 303 5713
349 4195 5714
4206 337 5715
295 907 5716
499 275 5717
737 4216 5718
297 4219 5719
4303 1145 5720
295 4688 5721
4232 627 5722
4246 308 5723
628 4255 5724
311 4691 5725
300 4311 5726
4263 327 5727
907 503 5728
748 370 5729
438 413 5730
310 4316 5731
305 4280 5732
306 5732 5733
4324 3958 5734
4319 300 5735
961 295 5736
1507 4354 5737
303 4360 5738
4373 361 5739
305 4392 5740
4420 520 5741
287 458 5742
308 1582 5743
274 322 5744
297 1341 5745
578 467 5746
274 953 5747
308 5747 5748
296 5748 5749
320 798 5750
1067 353 5751
294 4483 5752
306 5752 5753
295 4482 5754
285 5754 5755
308 5755 5756
305 5756 5757
306 5757 5758
297 4493 5759
295 4500 5760
290 4510 5761
303 5761 5762
307 5762 5763
1979 4521 5764
345 1301 5765
679 1301 5766
295 4529 5767
3951 4530 5768
1648 811 5769
3388 4574 5770
4650 2032 5771
440 4980 5772
297 4662 5773
1311 541 5774
4670 868 5775
1086 3043 5776
266 3043 5777
578 349 5778
1583 932 5779
300 4776 5780
2191 353 5781
309 4787 5782
269 5206 5783
2010 1794 5784
332 1584 5785
4799 1931 5786
965 953 5787
307 4804 5788
960 1584 5789
578 295 5790
297 611 5791
333 1585 5792
4818 2064 5793
399 435 5794
434 666 5795
294 4831 5796
293 338 5797
2916 303 5798
4856 300 5799
4860 295 5800
303 4863 5801
355 833 5802
1092 4865 5803
538 1585 5804
4871 340 5805
1472 469 5806
308 911 5807
301 457 5808
2917 837 5809
274 3588 5810
304 451 5811
4896 281 5812
1571 303 5813
3355 290 5814
1059 877 5815
1470 521 5816
322 336 5817
315 372 5818
276 357 5819
360 349 5820
4944 297 5821
303 4950 5822
310 4951 5823
287 587 5824
300 1126 5825
4997 295 5826
315 270 5827
935 303 5828
1344 310 5829
5020 310 5830
266 1613 5831
1033 327 5832
5030 281 5833
5043 1101 5834
1976 4082 5835
295 5067 5836
394 885 5837
1775 940 5838
2270 303 5839
3800 5086 5840
5085 452 5841
2355 1135 5842
1753 372 5843
311 5107 5844
276 5137 5845
310 1535 5846
298 5150 5847
772 5149 5848
308 5152 5849
5155 310 5850
293 336 5851
293 5184 5852
284 5200 5853
1605 1613 5854
5219 3461 5855
284 1133 5856
303 5224 5857
5233 310 5858
292 5236 5859
303 5241 5860
283 430 5861
2471 5251 5862
305 5262 5863
413 5289 5864
385 296 5865
292 1983 5866
739 276 5867
855 295 5868
2192 301 5869
5304 268 5870
5306 702 5871
308 5318 5872
294 1117 5873
303 5339 5874
302 353 5875
360 1011 5876
4607 345 5877
5347 374 5878
286 5368 5879
5296 637 5880
5382 4474 5881
2689 5398 5882
5406 340 5883
269 2521 5884
662 419 5885
307 470 5886
366 398 5887
1578 5418 5888
303 5424 5889
310 5427 5890
3363 294 5891
309 1117 5892
290 1289 5893
2318 290 5894
305 1174 5895
1050 337 5896
1216 2193 5897
380 372 5898
1653 1644 5899
5462 284 5900
289 3364 5901
296 452 5902
281 377 5903
708 289 5904
3235 4823 5905
281 5480 5906
310 5482 5907
5491 295 5908
303 5505 5909
602 389 5910
3365 308 5911
5519 3589 5912
1696 541 5913
3366 303 5914
1106 303 5915
2608 5535 5916
296 868 5917
5542 5479 5918
1093 1398 5919
368 296 5920
309 5548 5921
2794 2668 5922
5562 4821 5923
1976 5568 5924
313 461 5925
313 420 5926
287 337 5927
275 5601 5928
1306 290 5929
1538 266 5930
3816 4609 5931
1833 327 5932
1538 283 5933
437 5627 5934
5629 310 5935
5632 420 5936
5635 4487 5937
5646 359 5938
5643 700 5939
286 5655 5940
4614 662 5941
310 4613 5942
303 5673 5943
297 4713 5944
1539 372 5945
308 1213 5946
310 1655 5947
5687 308 5948
587 363 5949
1185 5697 5950
308 5705 5951
308 3821 5952
1539 425 5953
309 5952 5954
303 278 5955
518 5714 5956
5717 298 5957
274 5716 5958
1757 520 5959
5726 290 5960
5735 666 5961
287 314 5962
281 5738 5963
1213 264 5964
2288 5750 5965
295 5749 5966
281 2523 5967
306 5777 5968
308 1349 5969
305 5783 5970
308 5796 5971
313 271 5972
285 5801 5973
3637 5804 5974
305 5807 5975
293 5822 5976
5830 298 5977
1428 309 5978
295 5845 5979
311 5846 5980
305 5849 5981
303 5853 5982
285 5860 5983
306 5863 5984
5865 2625 5985
5869 303 5986
954 302 5987
800 5893 5988
306 5895 5989
296 5897 5990
303 4389 5991
454 546 5992
308 538 5993
2439 5905 5994
307 534 5995
305 5921 5996
311 451 5997
5935 298 5998
292 5934 5999
